onset	duration	trial_type	value	sample
1.035	0.0	go	1	1242
1.5491666666666666	0.0	response_hit	6	1859
1.5491666666666666	0.0	response	3	1859
2.235	0.0	go	1	2682
2.375	0.0	response_hit	6	2850
2.375	0.0	response	3	2850
3.4175	0.0	go	1	4101
3.555833333333333	0.0	response_hit	6	4267
3.555833333333333	0.0	response	3	4267
4.600833333333333	0.0	nogo	2	5521
4.7575	0.0	response	3	5709
4.7575	0.0	response_false_alarm	5	5709
5.784166666666667	0.0	nogo	2	6941
6.01	0.0	response	3	7212
6.01	0.0	response_false_alarm	5	7212
6.9675	0.0	nogo	2	8361
6.9675	0.0	response_correct_rejection	4	8361
8.150833333333333	0.0	go	1	9781
8.4975	0.0	response_hit	6	10197
8.4975	0.0	response	3	10197
9.334166666666667	0.0	nogo	2	11201
9.334166666666667	0.0	response_correct_rejection	4	11201
10.5175	0.0	nogo	2	12621
10.5175	0.0	response_correct_rejection	4	12621
11.700833333333334	0.0	go	1	14041
12.1175	0.0	response_hit	6	14541
12.1175	0.0	response	3	14541
12.884166666666667	0.0	go	1	15461
13.34	0.0	response_hit	6	16008
13.34	0.0	response	3	16008
14.0675	0.0	go	1	16881
14.563333333333333	0.0	response_hit	6	17476
14.563333333333333	0.0	response	3	17476
15.250833333333333	0.0	nogo	2	18301
15.250833333333333	0.0	response_correct_rejection	4	18301
16.434166666666666	0.0	go	1	19721
16.785	0.0	response_hit	6	20142
16.785	0.0	response	3	20142
17.600833333333334	0.0	go	1	21121
18.05666666666667	0.0	response_hit	6	21668
18.05666666666667	0.0	response	3	21668
18.784166666666668	0.0	nogo	2	22541
18.784166666666668	0.0	response_correct_rejection	4	22541
19.966666666666665	0.0	go	1	23960
20.43166666666667	0.0	response_hit	6	24518
20.43166666666667	0.0	response	3	24518
21.15	0.0	nogo	2	25380
21.15	0.0	response_correct_rejection	4	25380
22.316666666666666	0.0	nogo	2	26780
22.316666666666666	0.0	response_correct_rejection	4	26780
23.5	0.0	go	1	28200
23.88	0.0	response_hit	6	28656
23.88	0.0	response	3	28656
24.683333333333334	0.0	nogo	2	29620
24.683333333333334	0.0	response_correct_rejection	4	29620
25.866666666666667	0.0	nogo	2	31040
25.866666666666667	0.0	response_correct_rejection	4	31040
27.033333333333335	0.0	nogo	2	32440
27.033333333333335	0.0	response_correct_rejection	4	32440
28.2	0.0	nogo	2	33840
28.2	0.0	response_correct_rejection	4	33840
29.383333333333333	0.0	go	1	35260
29.85333333333333	0.0	response_hit	6	35824
29.85333333333333	0.0	response	3	35824
30.566666666666666	0.0	nogo	2	36680
30.566666666666666	0.0	response_correct_rejection	4	36680
31.733333333333334	0.0	nogo	2	38080
31.733333333333334	0.0	response_correct_rejection	4	38080
32.916666666666664	0.0	go	1	39500
33.275	0.0	response_hit	6	39930
33.275	0.0	response	3	39930
34.1	0.0	go	1	40920
34.740833333333335	0.0	response_hit	6	41689
34.740833333333335	0.0	response	3	41689
35.2825	0.0	go	1	42339
35.79083333333333	0.0	response_hit	6	42949
35.79083333333333	0.0	response	3	42949
36.465833333333336	0.0	go	1	43759
36.80833333333333	0.0	response_hit	6	44170
36.80833333333333	0.0	response	3	44170
37.649166666666666	0.0	go	1	45179
38.01583333333333	0.0	response_hit	6	45619
38.01583333333333	0.0	response	3	45619
38.8325	0.0	nogo	2	46599
38.8325	0.0	response_correct_rejection	4	46599
39.99916666666667	0.0	go	1	47999
40.47416666666667	0.0	response_hit	6	48569
40.47416666666667	0.0	response	3	48569
41.1825	0.0	nogo	2	49419
41.1825	0.0	response_correct_rejection	4	49419
42.365833333333335	0.0	nogo	2	50839
42.733333333333334	0.0	response	3	51280
42.733333333333334	0.0	response_false_alarm	5	51280
43.549166666666665	0.0	go	1	52259
44.2525	0.0	response_hit	6	53103
44.2525	0.0	response	3	53103
44.7325	0.0	go	1	53679
45.218333333333334	0.0	response_hit	6	54262
45.218333333333334	0.0	response	3	54262
45.91583333333333	0.0	nogo	2	55099
45.91583333333333	0.0	response_correct_rejection	4	55099
47.09916666666667	0.0	go	1	56519
47.675	0.0	response_hit	6	57210
47.675	0.0	response	3	57210
48.2825	0.0	nogo	2	57939
48.2825	0.0	response_correct_rejection	4	57939
49.44916666666666	0.0	nogo	2	59339
49.44916666666666	0.0	response_correct_rejection	4	59339
50.6325	0.0	go	1	60759
51.028333333333336	0.0	response_hit	6	61234
51.028333333333336	0.0	response	3	61234
51.815	0.0	nogo	2	62178
51.815	0.0	response_correct_rejection	4	62178
52.998333333333335	0.0	go	1	63598
53.41916666666667	0.0	response_hit	6	64103
53.41916666666667	0.0	response	3	64103
54.181666666666665	0.0	nogo	2	65018
54.181666666666665	0.0	response_correct_rejection	4	65018
55.348333333333336	0.0	go	1	66418
55.744166666666665	0.0	response_hit	6	66893
55.744166666666665	0.0	response	3	66893
56.531666666666666	0.0	nogo	2	67838
56.531666666666666	0.0	response_correct_rejection	4	67838
57.715	0.0	go	1	69258
58.09583333333333	0.0	response_hit	6	69715
58.09583333333333	0.0	response	3	69715
58.89833333333333	0.0	go	1	70678
59.3575	0.0	response_hit	6	71229
59.3575	0.0	response	3	71229
60.08166666666666	0.0	go	1	72098
60.54333333333334	0.0	response_hit	6	72652
60.54333333333334	0.0	response	3	72652
61.265	0.0	go	1	73518
61.663333333333334	0.0	response_hit	6	73996
61.663333333333334	0.0	response	3	73996
62.44833333333333	0.0	go	1	74938
62.77	0.0	response_hit	6	75324
62.77	0.0	response	3	75324
63.63166666666667	0.0	nogo	2	76358
63.63166666666667	0.0	response_correct_rejection	4	76358
64.815	0.0	nogo	2	77778
64.815	0.0	response_correct_rejection	4	77778
65.99833333333333	0.0	go	1	79198
66.52	0.0	response_hit	6	79824
66.52	0.0	response	3	79824
67.18166666666667	0.0	go	1	80618
67.54	0.0	response_hit	6	81048
67.54	0.0	response	3	81048
68.36416666666666	0.0	go	1	82037
68.79833333333333	0.0	response_hit	6	82558
68.79833333333333	0.0	response	3	82558
69.5475	0.0	nogo	2	83457
69.5475	0.0	response_correct_rejection	4	83457
70.71416666666667	0.0	go	1	84857
71.20166666666667	0.0	response_hit	6	85442
71.20166666666667	0.0	response	3	85442
71.8975	0.0	go	1	86277
72.3925	0.0	response_hit	6	86871
72.3925	0.0	response	3	86871
73.08083333333333	0.0	nogo	2	87697
73.08083333333333	0.0	response_correct_rejection	4	87697
74.2475	0.0	nogo	2	89097
74.2475	0.0	response_correct_rejection	4	89097
75.43083333333334	0.0	nogo	2	90517
75.43083333333334	0.0	response_correct_rejection	4	90517
76.61416666666666	0.0	go	1	91937
76.95583333333333	0.0	response_hit	6	92347
76.95583333333333	0.0	response	3	92347
77.7975	0.0	nogo	2	93357
77.7975	0.0	response_correct_rejection	4	93357
78.98083333333334	0.0	go	1	94777
79.41083333333333	0.0	response_hit	6	95293
79.41083333333333	0.0	response	3	95293
80.16416666666667	0.0	go	1	96197
80.62166666666667	0.0	response_hit	6	96746
80.62166666666667	0.0	response	3	96746
81.3475	0.0	nogo	2	97617
81.3475	0.0	response_correct_rejection	4	97617
82.53083333333333	0.0	go	1	99037
82.90083333333334	0.0	response_hit	6	99481
82.90083333333334	0.0	response	3	99481
83.71333333333334	0.0	go	1	100456
84.0725	0.0	response_hit	6	100887
84.0725	0.0	response	3	100887
84.89666666666666	0.0	go	1	101876
85.26583333333333	0.0	response_hit	6	102319
85.26583333333333	0.0	response	3	102319
86.08	0.0	nogo	2	103296
86.08	0.0	response_correct_rejection	4	103296
87.26333333333334	0.0	go	1	104716
87.7875	0.0	response_hit	6	105345
87.7875	0.0	response	3	105345
88.44666666666667	0.0	nogo	2	106136
88.44666666666667	0.0	response_correct_rejection	4	106136
89.63	0.0	nogo	2	107556
89.63	0.0	response_correct_rejection	4	107556
90.81333333333333	0.0	go	1	108976
91.335	0.0	response_hit	6	109602
91.335	0.0	response	3	109602
91.99666666666667	0.0	go	1	110396
92.58916666666667	0.0	response_hit	6	111107
92.58916666666667	0.0	response	3	111107
93.16333333333333	0.0	go	1	111796
93.6125	0.0	response_hit	6	112335
93.6125	0.0	response	3	112335
94.34666666666666	0.0	go	1	113216
94.8825	0.0	response_hit	6	113859
94.8825	0.0	response	3	113859
95.51333333333334	0.0	nogo	2	114616
95.51333333333334	0.0	response_correct_rejection	4	114616
96.68	0.0	nogo	2	116016
96.68	0.0	response_correct_rejection	4	116016
97.86333333333333	0.0	nogo	2	117436
97.86333333333333	0.0	response_correct_rejection	4	117436
99.04666666666667	0.0	go	1	118856
99.665	0.0	response_hit	6	119598
99.665	0.0	response	3	119598
100.22916666666667	0.0	go	1	120275
100.71666666666667	0.0	response_hit	6	120860
100.71666666666667	0.0	response	3	120860
101.4125	0.0	go	1	121695
101.72333333333333	0.0	response_hit	6	122068
101.72333333333333	0.0	response	3	122068
102.59583333333333	0.0	go	1	123115
102.81083333333333	0.0	response_hit	6	123373
102.81083333333333	0.0	response	3	123373
103.77916666666667	0.0	go	1	124535
104.1325	0.0	response_hit	6	124959
104.1325	0.0	response	3	124959
104.9625	0.0	nogo	2	125955
104.9625	0.0	response_correct_rejection	4	125955
106.14583333333333	0.0	go	1	127375
106.855	0.0	response_hit	6	128226
106.855	0.0	response	3	128226
107.32916666666667	0.0	go	1	128795
108.0825	0.0	response_hit	6	129699
108.0825	0.0	response	3	129699
108.5125	0.0	go	1	130215
109.32	0.0	response_hit	6	131184
109.32	0.0	response	3	131184
109.69583333333334	0.0	nogo	2	131635
109.69583333333334	0.0	response_correct_rejection	4	131635
110.8625	0.0	nogo	2	133035
110.8625	0.0	response_correct_rejection	4	133035
112.04583333333333	0.0	nogo	2	134455
112.04583333333333	0.0	response_correct_rejection	4	134455
113.2125	0.0	go	1	135855
113.69	0.0	response_hit	6	136428
113.69	0.0	response	3	136428
114.39583333333333	0.0	go	1	137275
114.86	0.0	response_hit	6	137832
114.86	0.0	response	3	137832
115.57916666666667	0.0	go	1	138695
116.2625	0.0	response_hit	6	139515
116.2625	0.0	response	3	139515
116.76166666666667	0.0	go	1	140114
117.21166666666667	0.0	response_hit	6	140654
117.21166666666667	0.0	response	3	140654
117.92833333333333	0.0	go	1	141514
118.245	0.0	response_hit	6	141894
118.245	0.0	response	3	141894
119.11166666666666	0.0	go	1	142934
119.485	0.0	response_hit	6	143382
119.485	0.0	response	3	143382
120.295	0.0	go	1	144354
120.58833333333334	0.0	response_hit	6	144706
120.58833333333334	0.0	response	3	144706
121.47833333333334	0.0	go	1	145774
121.7425	0.0	response_hit	6	146091
121.7425	0.0	response	3	146091
122.66166666666666	0.0	go	1	147194
122.9275	0.0	response_hit	6	147513
122.9275	0.0	response	3	147513
123.845	0.0	go	1	148614
124.0925	0.0	response_hit	6	148911
124.0925	0.0	response	3	148911
125.02833333333334	0.0	nogo	2	150034
125.24166666666666	0.0	response	3	150290
125.24166666666666	0.0	response_false_alarm	5	150290
126.21166666666667	0.0	go	1	151454
126.72166666666666	0.0	response_hit	6	152066
126.72166666666666	0.0	response	3	152066
127.395	0.0	go	1	152874
127.74666666666667	0.0	response_hit	6	153296
127.74666666666667	0.0	response	3	153296
128.56166666666667	0.0	nogo	2	154274
128.56166666666667	0.0	response_correct_rejection	4	154274
129.72833333333332	0.0	go	1	155674
130.24083333333334	0.0	response_hit	6	156289
130.24083333333334	0.0	response	3	156289
130.895	0.0	go	1	157074
131.2725	0.0	response_hit	6	157527
131.2725	0.0	response	3	157527
132.0775	0.0	go	1	158493
132.75166666666667	0.0	response_hit	6	159302
132.75166666666667	0.0	response	3	159302
133.26083333333332	0.0	go	1	159913
133.785	0.0	response_hit	6	160542
133.785	0.0	response	3	160542
134.44416666666666	0.0	go	1	161333
134.96916666666667	0.0	response_hit	6	161963
134.96916666666667	0.0	response	3	161963
135.61083333333335	0.0	go	1	162733
135.96833333333333	0.0	response_hit	6	163162
135.96833333333333	0.0	response	3	163162
136.7775	0.0	nogo	2	164133
136.7775	0.0	response_correct_rejection	4	164133
137.96083333333334	0.0	go	1	165553
138.37666666666667	0.0	response_hit	6	166052
138.37666666666667	0.0	response	3	166052
139.14416666666668	0.0	go	1	166973
139.51083333333332	0.0	response_hit	6	167413
139.51083333333332	0.0	response	3	167413
140.3275	0.0	nogo	2	168393
140.3275	0.0	response_correct_rejection	4	168393
141.51083333333332	0.0	go	1	169813
141.98	0.0	response_hit	6	170376
141.98	0.0	response	3	170376
142.69416666666666	0.0	nogo	2	171233
142.69416666666666	0.0	response_correct_rejection	4	171233
143.8775	0.0	nogo	2	172653
143.8775	0.0	response_correct_rejection	4	172653
145.06083333333333	0.0	nogo	2	174073
145.06083333333333	0.0	response_correct_rejection	4	174073
146.24416666666667	0.0	go	1	175493
146.61	0.0	response_hit	6	175932
146.61	0.0	response	3	175932
147.4275	0.0	go	1	176913
148.2225	0.0	response_hit	6	177867
148.2225	0.0	response	3	177867
148.61	0.0	nogo	2	178332
148.61	0.0	response_correct_rejection	4	178332
149.79333333333332	0.0	go	1	179752
150.26	0.0	response_hit	6	180312
150.26	0.0	response	3	180312
150.97666666666666	0.0	go	1	181172
151.50083333333333	0.0	response_hit	6	181801
151.50083333333333	0.0	response	3	181801
152.16	0.0	nogo	2	182592
152.16	0.0	response_correct_rejection	4	182592
153.34333333333333	0.0	go	1	184012
153.865	0.0	response_hit	6	184638
153.865	0.0	response	3	184638
154.52666666666667	0.0	go	1	185432
154.8975	0.0	response_hit	6	185877
154.8975	0.0	response	3	185877
155.71	0.0	go	1	186852
156.10166666666666	0.0	response_hit	6	187322
156.10166666666666	0.0	response	3	187322
156.89333333333335	0.0	go	1	188272
157.21916666666667	0.0	response_hit	6	188663
157.21916666666667	0.0	response	3	188663
158.07666666666665	0.0	nogo	2	189692
158.07666666666665	0.0	response_correct_rejection	4	189692
159.26	0.0	go	1	191112
159.71666666666667	0.0	response_hit	6	191660
159.71666666666667	0.0	response	3	191660
160.42666666666668	0.0	nogo	2	192512
160.42666666666668	0.0	response_correct_rejection	4	192512
161.61	0.0	go	1	193932
162.03166666666667	0.0	response_hit	6	194438
162.03166666666667	0.0	response	3	194438
162.77666666666667	0.0	go	1	195332
163.29416666666665	0.0	response_hit	6	195953
163.29416666666665	0.0	response	3	195953
163.9425	0.0	go	1	196731
164.29166666666666	0.0	response_hit	6	197150
164.29166666666666	0.0	response	3	197150
165.12583333333333	0.0	go	1	198151
165.48833333333334	0.0	response_hit	6	198586
165.48833333333334	0.0	response	3	198586
166.30916666666667	0.0	nogo	2	199571
166.30916666666667	0.0	response_correct_rejection	4	199571
167.4925	0.0	go	1	200991
167.9525	0.0	response_hit	6	201543
167.9525	0.0	response	3	201543
168.67583333333334	0.0	go	1	202411
169.01166666666666	0.0	response_hit	6	202814
169.01166666666666	0.0	response	3	202814
169.85916666666665	0.0	go	1	203831
170.16416666666666	0.0	response_hit	6	204197
170.16416666666666	0.0	response	3	204197
171.0425	0.0	go	1	205251
171.38583333333332	0.0	response_hit	6	205663
171.38583333333332	0.0	response	3	205663
172.20916666666668	0.0	go	1	206651
172.50583333333333	0.0	response_hit	6	207007
172.50583333333333	0.0	response	3	207007
173.3925	0.0	nogo	2	208071
173.3925	0.0	response_correct_rejection	4	208071
174.57583333333332	0.0	nogo	2	209491
174.57583333333332	0.0	response_correct_rejection	4	209491
175.75916666666666	0.0	go	1	210911
176.195	0.0	response_hit	6	211434
176.195	0.0	response	3	211434
176.9425	0.0	go	1	212331
177.42166666666665	0.0	response_hit	6	212906
177.42166666666665	0.0	response	3	212906
178.12583333333333	0.0	go	1	213751
178.47333333333333	0.0	response_hit	6	214168
178.47333333333333	0.0	response	3	214168
179.30916666666667	0.0	go	1	215171
179.62666666666667	0.0	response_hit	6	215552
179.62666666666667	0.0	response	3	215552
180.49166666666667	0.0	nogo	2	216590
180.49166666666667	0.0	response_correct_rejection	4	216590
181.675	0.0	go	1	218010
182.21333333333334	0.0	response_hit	6	218656
182.21333333333334	0.0	response	3	218656
182.85833333333332	0.0	go	1	219430
183.2475	0.0	response_hit	6	219897
183.2475	0.0	response	3	219897
184.04166666666666	0.0	go	1	220850
184.47833333333332	0.0	response_hit	6	221374
184.47833333333332	0.0	response	3	221374
185.225	0.0	go	1	222270
185.6325	0.0	response_hit	6	222759
185.6325	0.0	response	3	222759
186.39166666666668	0.0	nogo	2	223670
186.6975	0.0	response	3	224037
186.6975	0.0	response_false_alarm	5	224037
187.575	0.0	go	1	225090
188.1125	0.0	response_hit	6	225735
188.1125	0.0	response	3	225735
188.75833333333333	0.0	nogo	2	226510
188.75833333333333	0.0	response_correct_rejection	4	226510
189.925	0.0	go	1	227910
190.45416666666668	0.0	response_hit	6	228545
190.45416666666668	0.0	response	3	228545
191.10833333333332	0.0	go	1	229330
191.58083333333335	0.0	response_hit	6	229897
191.58083333333335	0.0	response	3	229897
192.29166666666666	0.0	nogo	2	230750
192.29166666666666	0.0	response_correct_rejection	4	230750
193.475	0.0	nogo	2	232170
193.475	0.0	response_correct_rejection	4	232170
194.65833333333333	0.0	go	1	233590
195.27416666666667	0.0	response_hit	6	234329
195.27416666666667	0.0	response	3	234329
195.84166666666667	0.0	go	1	235010
196.30416666666667	0.0	response_hit	6	235565
196.30416666666667	0.0	response	3	235565
197.02416666666667	0.0	go	1	236429
197.43416666666667	0.0	response_hit	6	236921
197.43416666666667	0.0	response	3	236921
198.2075	0.0	nogo	2	237849
198.2075	0.0	response_correct_rejection	4	237849
199.39083333333335	0.0	go	1	239269
199.81916666666666	0.0	response_hit	6	239783
199.81916666666666	0.0	response	3	239783
200.57416666666666	0.0	nogo	2	240689
200.57416666666666	0.0	response_correct_rejection	4	240689
201.7575	0.0	go	1	242109
202.09416666666667	0.0	response_hit	6	242513
202.09416666666667	0.0	response	3	242513
202.94083333333333	0.0	nogo	2	243529
202.94083333333333	0.0	response_correct_rejection	4	243529
204.12416666666667	0.0	go	1	244949
204.49666666666667	0.0	response_hit	6	245396
204.49666666666667	0.0	response	3	245396
205.3075	0.0	nogo	2	246369
205.3075	0.0	response_correct_rejection	4	246369
206.49083333333334	0.0	go	1	247789
206.81583333333333	0.0	response_hit	6	248179
206.81583333333333	0.0	response	3	248179
207.67416666666668	0.0	go	1	249209
208.23166666666665	0.0	response_hit	6	249878
208.23166666666665	0.0	response	3	249878
208.84083333333334	0.0	nogo	2	250609
208.84083333333334	0.0	response_correct_rejection	4	250609
210.02416666666667	0.0	nogo	2	252029
210.02416666666667	0.0	response_correct_rejection	4	252029
211.2075	0.0	go	1	253449
211.52916666666667	0.0	response_hit	6	253835
211.52916666666667	0.0	response	3	253835
212.39083333333335	0.0	go	1	254869
213.03166666666667	0.0	response_hit	6	255638
213.03166666666667	0.0	response	3	255638
213.57333333333332	0.0	nogo	2	256288
213.57333333333332	0.0	response_correct_rejection	4	256288
214.74	0.0	go	1	257688
215.13416666666666	0.0	response_hit	6	258161
215.13416666666666	0.0	response	3	258161
215.92333333333335	0.0	go	1	259108
216.38583333333332	0.0	response_hit	6	259663
216.38583333333332	0.0	response	3	259663
217.10666666666665	0.0	go	1	260528
217.69916666666666	0.0	response_hit	6	261239
217.69916666666666	0.0	response	3	261239
218.29	0.0	nogo	2	261948
218.29	0.0	response_correct_rejection	4	261948
219.47333333333333	0.0	go	1	263368
219.85666666666665	0.0	response_hit	6	263828
219.85666666666665	0.0	response	3	263828
220.65666666666667	0.0	go	1	264788
221.10166666666666	0.0	response_hit	6	265322
221.10166666666666	0.0	response	3	265322
221.84	0.0	go	1	266208
222.39416666666668	0.0	response_hit	6	266873
222.39416666666668	0.0	response	3	266873
223.02333333333334	0.0	nogo	2	267628
223.02333333333334	0.0	response_correct_rejection	4	267628
224.20666666666668	0.0	nogo	2	269048
224.20666666666668	0.0	response_correct_rejection	4	269048
225.39	0.0	go	1	270468
225.82	0.0	response_hit	6	270984
225.82	0.0	response	3	270984
226.57333333333332	0.0	go	1	271888
227.035	0.0	response_hit	6	272442
227.035	0.0	response	3	272442
227.74	0.0	go	1	273288
228.11166666666668	0.0	response_hit	6	273734
228.11166666666668	0.0	response	3	273734
228.9225	0.0	nogo	2	274707
228.9225	0.0	response_correct_rejection	4	274707
230.10583333333332	0.0	nogo	2	276127
230.10583333333332	0.0	response_correct_rejection	4	276127
231.2725	0.0	go	1	277527
231.64416666666668	0.0	response_hit	6	277973
231.64416666666668	0.0	response	3	277973
232.45583333333335	0.0	nogo	2	278947
232.45583333333335	0.0	response_correct_rejection	4	278947
233.63916666666665	0.0	go	1	280367
234.14666666666668	0.0	response_hit	6	280976
234.14666666666668	0.0	response	3	280976
234.80583333333334	0.0	go	1	281767
235.29583333333332	0.0	response_hit	6	282355
235.29583333333332	0.0	response	3	282355
235.9725	0.0	go	1	283167
236.4125	0.0	response_hit	6	283695
236.4125	0.0	response	3	283695
237.15583333333333	0.0	go	1	284587
237.49833333333333	0.0	response_hit	6	284998
237.49833333333333	0.0	response	3	284998
238.3225	0.0	go	1	285987
238.6925	0.0	response_hit	6	286431
238.6925	0.0	response	3	286431
239.50583333333333	0.0	go	1	287407
239.7375	0.0	response_hit	6	287685
239.7375	0.0	response	3	287685
240.6725	0.0	go	1	288807
241.1075	0.0	response_hit	6	289329
241.1075	0.0	response	3	289329
241.85583333333332	0.0	go	1	290227
242.25666666666666	0.0	response_hit	6	290708
242.25666666666666	0.0	response	3	290708
243.03916666666666	0.0	go	1	291647
243.45	0.0	response_hit	6	292140
243.45	0.0	response	3	292140
244.2225	0.0	nogo	2	293067
244.2225	0.0	response_correct_rejection	4	293067
245.405	0.0	go	1	294486
245.88583333333332	0.0	response_hit	6	295063
245.88583333333332	0.0	response	3	295063
246.58833333333334	0.0	go	1	295906
247.02833333333334	0.0	response_hit	6	296434
247.02833333333334	0.0	response	3	296434
247.77166666666668	0.0	go	1	297326
248.055	0.0	response_hit	6	297666
248.055	0.0	response	3	297666
248.955	0.0	go	1	298746
249.38916666666665	0.0	response_hit	6	299267
249.38916666666665	0.0	response	3	299267
250.13833333333332	0.0	go	1	300166
250.46166666666667	0.0	response_hit	6	300554
250.46166666666667	0.0	response	3	300554
251.305	0.0	go	1	301566
251.64333333333335	0.0	response_hit	6	301972
251.64333333333335	0.0	response	3	301972
252.47166666666666	0.0	go	1	302966
252.805	0.0	response_hit	6	303366
252.805	0.0	response	3	303366
253.655	0.0	go	1	304386
253.87083333333334	0.0	response_hit	6	304645
253.87083333333334	0.0	response	3	304645
254.83833333333334	0.0	nogo	2	305806
254.83833333333334	0.0	response_correct_rejection	4	305806
256.02166666666665	0.0	go	1	307226
256.4483333333333	0.0	response_hit	6	307738
256.4483333333333	0.0	response	3	307738
257.205	0.0	go	1	308646
257.6508333333333	0.0	response_hit	6	309181
257.6508333333333	0.0	response	3	309181
258.3883333333333	0.0	nogo	2	310066
258.3883333333333	0.0	response_correct_rejection	4	310066
259.555	0.0	go	1	311466
259.86333333333334	0.0	response_hit	6	311836
259.86333333333334	0.0	response	3	311836
260.7375	0.0	nogo	2	312885
260.7375	0.0	response_correct_rejection	4	312885
261.92083333333335	0.0	nogo	2	314305
261.92083333333335	0.0	response_correct_rejection	4	314305
263.1041666666667	0.0	nogo	2	315725
263.1041666666667	0.0	response_correct_rejection	4	315725
264.2875	0.0	nogo	2	317145
264.2875	0.0	response_correct_rejection	4	317145
265.45416666666665	0.0	nogo	2	318545
265.45416666666665	0.0	response_correct_rejection	4	318545
266.6375	0.0	nogo	2	319965
266.6375	0.0	response_correct_rejection	4	319965
267.8208333333333	0.0	go	1	321385
268.17583333333334	0.0	response_hit	6	321811
268.17583333333334	0.0	response	3	321811
269.00416666666666	0.0	go	1	322805
269.3933333333333	0.0	response_hit	6	323272
269.3933333333333	0.0	response	3	323272
270.1875	0.0	go	1	324225
270.43666666666667	0.0	response_hit	6	324524
270.43666666666667	0.0	response	3	324524
271.37083333333334	0.0	go	1	325645
271.63	0.0	response_hit	6	325956
271.63	0.0	response	3	325956
272.5375	0.0	go	1	327045
272.87083333333334	0.0	response_hit	6	327445
272.87083333333334	0.0	response	3	327445
273.72083333333336	0.0	nogo	2	328465
273.72083333333336	0.0	response_correct_rejection	4	328465
274.90416666666664	0.0	go	1	329885
275.41333333333336	0.0	response_hit	6	330496
275.41333333333336	0.0	response	3	330496
276.0875	0.0	go	1	331305
276.5183333333333	0.0	response_hit	6	331822
276.5183333333333	0.0	response	3	331822
277.27	0.0	nogo	2	332724
277.27	0.0	response_correct_rejection	4	332724
278.4533333333333	0.0	go	1	334144
279.0991666666667	0.0	response_hit	6	334919
279.0991666666667	0.0	response	3	334919
279.63666666666666	0.0	go	1	335564
280.2941666666667	0.0	response_hit	6	336353
280.2941666666667	0.0	response	3	336353
280.82	0.0	go	1	336984
281.26666666666665	0.0	response_hit	6	337520
281.26666666666665	0.0	response	3	337520
281.9866666666667	0.0	nogo	2	338384
281.9866666666667	0.0	response_correct_rejection	4	338384
283.1533333333333	0.0	go	1	339784
283.5258333333333	0.0	response_hit	6	340231
283.5258333333333	0.0	response	3	340231
284.33666666666664	0.0	go	1	341204
284.6791666666667	0.0	response_hit	6	341615
284.6791666666667	0.0	response	3	341615
285.52	0.0	nogo	2	342624
286.1816666666667	0.0	response	3	343418
286.1816666666667	0.0	response_false_alarm	5	343418
286.7033333333333	0.0	go	1	344044
286.7033333333333	0.0	response_miss	7	344044
287.88666666666666	0.0	go	1	345464
288.5808333333333	0.0	response_hit	6	346297
288.5808333333333	0.0	response	3	346297
289.07	0.0	go	1	346884
289.4508333333333	0.0	response_hit	6	347341
289.4508333333333	0.0	response	3	347341
290.25333333333333	0.0	go	1	348304
290.7	0.0	response_hit	6	348840
290.7	0.0	response	3	348840
291.42	0.0	go	1	349704
291.75416666666666	0.0	response_hit	6	350105
291.75416666666666	0.0	response	3	350105
292.60333333333335	0.0	go	1	351124
293.0308333333333	0.0	response_hit	6	351637
293.0308333333333	0.0	response	3	351637
293.78583333333336	0.0	go	1	352543
294.18833333333333	0.0	response_hit	6	353026
294.18833333333333	0.0	response	3	353026
294.9691666666667	0.0	go	1	353963
295.2366666666667	0.0	response_hit	6	354284
295.2366666666667	0.0	response	3	354284
296.1525	0.0	go	1	355383
296.5275	0.0	response_hit	6	355833
296.5275	0.0	response	3	355833
297.3358333333333	0.0	nogo	2	356803
297.3358333333333	0.0	response_correct_rejection	4	356803
298.51916666666665	0.0	go	1	358223
299.0833333333333	0.0	response_hit	6	358900
299.0833333333333	0.0	response	3	358900
299.7025	0.0	nogo	2	359643
299.7025	0.0	response_correct_rejection	4	359643
300.8858333333333	0.0	nogo	2	361063
300.8858333333333	0.0	response_correct_rejection	4	361063
302.06916666666666	0.0	go	1	362483
302.47833333333335	0.0	response_hit	6	362974
302.47833333333335	0.0	response	3	362974
303.2525	0.0	nogo	2	363903
303.2525	0.0	response_correct_rejection	4	363903
304.43583333333333	0.0	go	1	365323
304.77166666666665	0.0	response_hit	6	365726
304.77166666666665	0.0	response	3	365726
305.6191666666667	0.0	go	1	366743
306.02416666666664	0.0	response_hit	6	367229
306.02416666666664	0.0	response	3	367229
306.8025	0.0	go	1	368163
307.1433333333333	0.0	response_hit	6	368572
307.1433333333333	0.0	response	3	368572
307.98583333333335	0.0	go	1	369583
308.38	0.0	response_hit	6	370056
308.38	0.0	response	3	370056
309.1525	0.0	go	1	370983
309.6275	0.0	response_hit	6	371553
309.6275	0.0	response	3	371553
310.335	0.0	nogo	2	372402
310.335	0.0	response_correct_rejection	4	372402
311.50166666666667	0.0	nogo	2	373802
311.50166666666667	0.0	response_correct_rejection	4	373802
312.685	0.0	nogo	2	375222
312.685	0.0	response_correct_rejection	4	375222
313.86833333333334	0.0	nogo	2	376642
313.86833333333334	0.0	response_correct_rejection	4	376642
315.0516666666667	0.0	go	1	378062
315.55583333333334	0.0	response_hit	6	378667
315.55583333333334	0.0	response	3	378667
316.235	0.0	go	1	379482
316.775	0.0	response_hit	6	380130
316.775	0.0	response	3	380130
317.41833333333335	0.0	go	1	380902
317.8025	0.0	response_hit	6	381363
317.8025	0.0	response	3	381363
318.585	0.0	go	1	382302
318.81083333333333	0.0	response_hit	6	382573
318.81083333333333	0.0	response	3	382573
319.75166666666667	0.0	nogo	2	383702
320.03	0.0	response	3	384036
320.03	0.0	response_false_alarm	5	384036
320.935	0.0	go	1	385122
321.4975	0.0	response_hit	6	385797
321.4975	0.0	response	3	385797
322.11833333333334	0.0	nogo	2	386542
322.11833333333334	0.0	response_correct_rejection	4	386542
323.3016666666667	0.0	go	1	387962
323.735	0.0	response_hit	6	388482
323.735	0.0	response	3	388482
324.485	0.0	go	1	389382
324.9266666666667	0.0	response_hit	6	389912
324.9266666666667	0.0	response	3	389912
325.6675	0.0	go	1	390801
326.11333333333334	0.0	response_hit	6	391336
326.11333333333334	0.0	response	3	391336
326.83416666666665	0.0	go	1	392201
327.3175	0.0	response_hit	6	392781
327.3175	0.0	response	3	392781
328.00083333333333	0.0	nogo	2	393601
328.00083333333333	0.0	response_correct_rejection	4	393601
329.18416666666667	0.0	go	1	395021
329.49333333333334	0.0	response_hit	6	395392
329.49333333333334	0.0	response	3	395392
330.3675	0.0	nogo	2	396441
330.3675	0.0	response_correct_rejection	4	396441
331.55083333333334	0.0	nogo	2	397861
331.55083333333334	0.0	response_correct_rejection	4	397861
332.7175	0.0	nogo	2	399261
332.7175	0.0	response_correct_rejection	4	399261
333.9008333333333	0.0	go	1	400681
334.33916666666664	0.0	response_hit	6	401207
334.33916666666664	0.0	response	3	401207
335.08416666666665	0.0	go	1	402101
335.5883333333333	0.0	response_hit	6	402706
335.5883333333333	0.0	response	3	402706
336.25083333333333	0.0	go	1	403501
336.71416666666664	0.0	response_hit	6	404057
336.71416666666664	0.0	response	3	404057
337.43416666666667	0.0	go	1	404921
337.8925	0.0	response_hit	6	405471
337.8925	0.0	response	3	405471
338.6175	0.0	go	1	406341
338.9658333333333	0.0	response_hit	6	406759
338.9658333333333	0.0	response	3	406759
339.80083333333334	0.0	nogo	2	407761
339.80083333333334	0.0	response_correct_rejection	4	407761
340.9841666666667	0.0	go	1	409181
341.42083333333335	0.0	response_hit	6	409705
341.42083333333335	0.0	response	3	409705
342.1666666666667	0.0	go	1	410600
342.56416666666667	0.0	response_hit	6	411077
342.56416666666667	0.0	response	3	411077
343.35	0.0	go	1	412020
343.7558333333333	0.0	response_hit	6	412507
343.7558333333333	0.0	response	3	412507
344.53333333333336	0.0	nogo	2	413440
344.53333333333336	0.0	response_correct_rejection	4	413440
345.71666666666664	0.0	nogo	2	414860
345.71666666666664	0.0	response_correct_rejection	4	414860
346.9	0.0	go	1	416280
347.29583333333335	0.0	response_hit	6	416755
347.29583333333335	0.0	response	3	416755
348.06666666666666	0.0	nogo	2	417680
348.06666666666666	0.0	response_correct_rejection	4	417680
349.25	0.0	go	1	419100
349.7341666666667	0.0	response_hit	6	419681
349.7341666666667	0.0	response	3	419681
350.43333333333334	0.0	go	1	420520
350.8808333333333	0.0	response_hit	6	421057
350.8808333333333	0.0	response	3	421057
