onset	duration	trial_type	value	sample
1.0566666666666666	0.0	encode_shape	6	1268
2.59	0.0	probe_shape	10	3108
2.59	0.0	response_miss	13	3108
5.1066666666666665	0.0	encode_shape	6	6128
6.6066666666666665	0.0	probe_shape	10	7928
6.6066666666666665	0.0	response_miss	13	7928
9.206666666666667	0.0	encode_shape	6	11048
10.7225	0.0	probe_shape	10	12867
12.076666666666666	0.0	response_hit	11	14492
12.076666666666666	0.0	response_l	12	14492
13.355833333333333	0.0	encode_shape	6	16027
14.855833333333333	0.0	probe_shape	10	17827
15.608333333333333	0.0	response_hit	11	18730
15.608333333333333	0.0	response_r	14	18730
17.439166666666665	0.0	encode_shape	6	20927
18.955833333333334	0.0	probe_shape	10	22747
19.45	0.0	response_hit	11	23340
19.45	0.0	response_r	14	23340
21.6725	0.0	encode_shape	6	26007
23.189166666666665	0.0	probe_shape	10	27827
23.690833333333334	0.0	response_hit	11	28429
23.690833333333334	0.0	response_r	14	28429
25.755	0.0	encode_shape	6	30906
27.255	0.0	probe_shape	10	32706
27.671666666666667	0.0	response_hit	11	33206
27.671666666666667	0.0	response_r	14	33206
29.988333333333333	0.0	encode_shape	6	35986
31.52166666666667	0.0	probe_shape	10	37826
31.915	0.0	response_hit	11	38298
31.915	0.0	response_r	14	38298
34.105	0.0	encode_shape	6	40926
35.605	0.0	probe_shape	10	42726
36.100833333333334	0.0	response_hit	11	43321
36.100833333333334	0.0	response_l	12	43321
38.27166666666667	0.0	encode_shape	6	45926
39.805	0.0	probe_shape	10	47766
40.431666666666665	0.0	response_hit	11	48518
40.431666666666665	0.0	response_l	12	48518
42.2875	0.0	encode_shape	6	50745
43.82083333333333	0.0	probe_shape	10	52585
44.37083333333333	0.0	response_hit	11	53245
44.37083333333333	0.0	response_l	12	53245
46.420833333333334	0.0	encode_shape	6	55705
47.9375	0.0	probe_shape	10	57525
48.35583333333334	0.0	response_hit	11	58027
48.35583333333334	0.0	response_r	14	58027
50.4875	0.0	encode_shape	6	60585
52.00416666666667	0.0	probe_shape	10	62405
52.4625	0.0	response_hit	11	62955
52.4625	0.0	response_l	12	62955
54.50416666666667	0.0	encode_shape	6	65405
56.0375	0.0	probe_shape	10	67245
56.365	0.0	response_hit	11	67638
56.365	0.0	response_l	12	67638
58.53666666666667	0.0	encode_shape	6	70244
60.07	0.0	probe_shape	10	72084
60.4525	0.0	response_hit	11	72543
60.4525	0.0	response_r	14	72543
62.586666666666666	0.0	encode_happy	3	75104
62.586666666666666	0.0	encode_face	1	75104
62.586666666666666	0.0	encode_female	2	75104
64.12	0.0	probe_face	7	76944
64.12	0.0	probe_match_happy	8	76944
65.0325	0.0	response_hit	11	78039
65.0325	0.0	response_r	14	78039
66.58666666666667	0.0	encode_face	1	79904
66.58666666666667	0.0	encode_sad	5	79904
66.58666666666667	0.0	encode_male	4	79904
68.12	0.0	probe_face	7	81744
68.12	0.0	probe_match_sad	9	81744
68.75166666666667	0.0	response_hit	11	82502
68.75166666666667	0.0	response_r	14	82502
70.67	0.0	encode_happy	3	84804
70.67	0.0	encode_face	1	84804
70.67	0.0	encode_female	2	84804
72.2025	0.0	probe_face	7	86643
72.2025	0.0	probe_match_happy	8	86643
72.79166666666667	0.0	response_hit	11	87350
72.79166666666667	0.0	response_r	14	87350
74.86916666666667	0.0	encode_face	1	89843
74.86916666666667	0.0	encode_sad	5	89843
74.86916666666667	0.0	encode_male	4	89843
76.38583333333334	0.0	probe_face	7	91663
76.38583333333334	0.0	probe_match_sad	9	91663
76.96833333333333	0.0	response_hit	11	92362
76.96833333333333	0.0	response_r	14	92362
79.01916666666666	0.0	encode_face	1	94823
79.01916666666666	0.0	encode_sad	5	94823
79.01916666666666	0.0	encode_male	4	94823
80.53583333333333	0.0	probe_face	7	96643
80.53583333333333	0.0	probe_match_sad	9	96643
81.10416666666667	0.0	response_hit	11	97325
81.10416666666667	0.0	response_r	14	97325
83.03583333333333	0.0	encode_happy	3	99643
83.03583333333333	0.0	encode_face	1	99643
83.03583333333333	0.0	encode_male	4	99643
84.53583333333333	0.0	probe_face	7	101443
84.53583333333333	0.0	probe_match_happy	8	101443
84.99416666666667	0.0	response_hit	11	101993
84.99416666666667	0.0	response_r	14	101993
87.03583333333333	0.0	encode_face	1	104443
87.03583333333333	0.0	encode_female	2	104443
87.03583333333333	0.0	encode_sad	5	104443
88.5525	0.0	probe_face	7	106263
88.5525	0.0	probe_match_sad	9	106263
89.23	0.0	response_hit	11	107076
89.23	0.0	response_r	14	107076
91.285	0.0	encode_face	1	109542
91.285	0.0	encode_female	2	109542
91.285	0.0	encode_sad	5	109542
92.81833333333333	0.0	probe_face	7	111382
92.81833333333333	0.0	probe_match_sad	9	111382
93.39083333333333	0.0	response_hit	11	112069
93.39083333333333	0.0	response_l	12	112069
95.535	0.0	encode_face	1	114642
95.535	0.0	encode_sad	5	114642
95.535	0.0	encode_male	4	114642
97.0825	0.0	probe_face	7	116499
97.0825	0.0	probe_match_sad	9	116499
97.68916666666667	0.0	response_hit	11	117227
97.68916666666667	0.0	response_l	12	117227
99.61833333333334	0.0	encode_face	1	119542
99.61833333333334	0.0	encode_female	2	119542
99.61833333333334	0.0	encode_sad	5	119542
101.15166666666667	0.0	probe_face	7	121382
101.15166666666667	0.0	probe_match_sad	9	121382
101.71	0.0	response_hit	11	122052
101.71	0.0	response_r	14	122052
103.75083333333333	0.0	encode_face	1	124501
103.75083333333333	0.0	encode_sad	5	124501
103.75083333333333	0.0	encode_male	4	124501
105.2675	0.0	probe_face	7	126321
105.2675	0.0	probe_match_sad	9	126321
105.86	0.0	response_hit	11	127032
105.86	0.0	response_l	12	127032
107.835	0.0	encode_face	1	129402
107.835	0.0	encode_female	2	129402
107.835	0.0	encode_sad	5	129402
109.3675	0.0	probe_face	7	131241
109.3675	0.0	probe_match_sad	9	131241
110.02166666666666	0.0	response_hit	11	132026
110.02166666666666	0.0	response_l	12	132026
112.03416666666666	0.0	encode_face	1	134441
112.03416666666666	0.0	encode_sad	5	134441
112.03416666666666	0.0	encode_male	4	134441
113.5675	0.0	probe_face	7	136281
113.5675	0.0	probe_match_sad	9	136281
114.0725	0.0	response_hit	11	136887
114.0725	0.0	response_l	12	136887
116.15083333333334	0.0	encode_face	1	139381
116.15083333333334	0.0	encode_female	2	139381
116.15083333333334	0.0	encode_sad	5	139381
117.6675	0.0	probe_face	7	141201
117.6675	0.0	probe_match_sad	9	141201
118.17166666666667	0.0	response_hit	11	141806
118.17166666666667	0.0	response_l	12	141806
120.36666666666666	0.0	encode_face	1	144440
120.36666666666666	0.0	encode_sad	5	144440
120.36666666666666	0.0	encode_male	4	144440
121.8675	0.0	probe_face	7	146241
121.8675	0.0	probe_match_sad	9	146241
122.48083333333334	0.0	response_hit	11	146977
122.48083333333334	0.0	response_l	12	146977
124.43333333333334	0.0	encode_happy	3	149320
124.43333333333334	0.0	encode_face	1	149320
124.43333333333334	0.0	encode_female	2	149320
125.95	0.0	probe_face	7	151140
125.95	0.0	probe_match_happy	8	151140
126.40833333333333	0.0	response_hit	11	151690
126.40833333333333	0.0	response_r	14	151690
128.51666666666668	0.0	encode_face	1	154220
128.51666666666668	0.0	encode_female	2	154220
128.51666666666668	0.0	encode_sad	5	154220
130.03333333333333	0.0	probe_face	7	156040
130.03333333333333	0.0	probe_match_sad	9	156040
130.5375	0.0	response_hit	11	156645
130.5375	0.0	response_l	12	156645
132.76666666666668	0.0	encode_happy	3	159320
132.76666666666668	0.0	encode_face	1	159320
132.76666666666668	0.0	encode_male	4	159320
134.28333333333333	0.0	probe_face	7	161140
134.28333333333333	0.0	probe_match_happy	8	161140
134.79083333333332	0.0	response_hit	11	161749
134.79083333333332	0.0	response_l	12	161749
136.8825	0.0	encode_face	1	164259
136.8825	0.0	encode_sad	5	164259
136.8825	0.0	encode_male	4	164259
138.41583333333332	0.0	probe_face	7	166099
138.41583333333332	0.0	probe_match_sad	9	166099
138.97166666666666	0.0	response_hit	11	166766
138.97166666666666	0.0	response_r	14	166766
140.9825	0.0	encode_happy	3	169179
140.9825	0.0	encode_face	1	169179
140.9825	0.0	encode_female	2	169179
142.51583333333335	0.0	probe_face	7	171019
142.51583333333335	0.0	probe_match_happy	8	171019
143.09166666666667	0.0	response_hit	11	171710
143.09166666666667	0.0	response_r	14	171710
145.16583333333332	0.0	encode_face	1	174199
145.16583333333332	0.0	encode_female	2	174199
145.16583333333332	0.0	encode_sad	5	174199
146.6825	0.0	probe_face	7	176019
146.6825	0.0	probe_match_sad	9	176019
147.175	0.0	response_hit	11	176610
147.175	0.0	response_r	14	176610
149.41583333333332	0.0	encode_happy	3	179299
149.41583333333332	0.0	encode_face	1	179299
149.41583333333332	0.0	encode_male	4	179299
150.91583333333332	0.0	probe_face	7	181099
150.91583333333332	0.0	probe_match_happy	8	181099
151.38666666666666	0.0	response_hit	11	181664
151.38666666666666	0.0	response_l	12	181664
153.56583333333333	0.0	encode_happy	3	184279
153.56583333333333	0.0	encode_face	1	184279
153.56583333333333	0.0	encode_male	4	184279
155.06583333333333	0.0	probe_face	7	186079
155.06583333333333	0.0	probe_match_happy	8	186079
155.51	0.0	response_hit	11	186612
155.51	0.0	response_r	14	186612
157.68166666666667	0.0	encode_face	1	189218
157.68166666666667	0.0	encode_sad	5	189218
157.68166666666667	0.0	encode_male	4	189218
159.215	0.0	probe_face	7	191058
159.215	0.0	probe_match_sad	9	191058
159.8875	0.0	response_hit	11	191865
159.8875	0.0	response_l	12	191865
161.78166666666667	0.0	encode_happy	3	194138
161.78166666666667	0.0	encode_face	1	194138
161.78166666666667	0.0	encode_male	4	194138
163.29833333333335	0.0	probe_face	7	195958
163.29833333333335	0.0	probe_match_happy	8	195958
163.78166666666667	0.0	response_hit	11	196538
163.78166666666667	0.0	response_l	12	196538
165.94833333333332	0.0	encode_face	1	199138
165.94833333333332	0.0	encode_sad	5	199138
165.94833333333332	0.0	encode_male	4	199138
167.48166666666665	0.0	probe_face	7	200978
167.48166666666665	0.0	probe_match_sad	9	200978
167.97416666666666	0.0	response_hit	11	201569
167.97416666666666	0.0	response_r	14	201569
170.1475	0.0	encode_happy	3	204177
170.1475	0.0	encode_face	1	204177
170.1475	0.0	encode_male	4	204177
171.68083333333334	0.0	probe_face	7	206017
171.68083333333334	0.0	probe_match_happy	8	206017
172.215	0.0	response_hit	11	206658
172.215	0.0	response_r	14	206658
174.38083333333333	0.0	encode_face	1	209257
174.38083333333333	0.0	encode_sad	5	209257
174.38083333333333	0.0	encode_male	4	209257
175.91416666666666	0.0	probe_face	7	211097
175.91416666666666	0.0	probe_match_sad	9	211097
176.36916666666667	0.0	response_hit	11	211643
176.36916666666667	0.0	response_r	14	211643
178.38083333333333	0.0	encode_happy	3	214057
178.38083333333333	0.0	encode_face	1	214057
178.38083333333333	0.0	encode_female	2	214057
179.8975	0.0	probe_face	7	215877
179.8975	0.0	probe_match_happy	8	215877
180.3825	0.0	response_hit	11	216459
180.3825	0.0	response_l	12	216459
182.53083333333333	0.0	encode_face	1	219037
182.53083333333333	0.0	encode_female	2	219037
182.53083333333333	0.0	encode_sad	5	219037
184.0475	0.0	probe_face	7	220857
184.0475	0.0	probe_match_sad	9	220857
184.62666666666667	0.0	response_hit	11	221552
184.62666666666667	0.0	response_r	14	221552
186.56333333333333	0.0	encode_shape	6	223876
188.09666666666666	0.0	probe_shape	10	225716
188.48416666666665	0.0	response_hit	11	226181
188.48416666666665	0.0	response_l	12	226181
190.58	0.0	encode_shape	6	228696
192.14166666666668	0.0	probe_shape	10	230570
192.47083333333333	0.0	response_hit	11	230965
192.47083333333333	0.0	response_l	12	230965
194.68	0.0	encode_shape	6	233616
196.19666666666666	0.0	probe_shape	10	235436
196.59916666666666	0.0	response_hit	11	235919
196.59916666666666	0.0	response_r	14	235919
198.93	0.0	encode_shape	6	238716
200.46333333333334	0.0	probe_shape	10	240556
200.82583333333332	0.0	response_hit	11	240991
200.82583333333332	0.0	response_l	12	240991
203.04583333333332	0.0	encode_shape	6	243655
204.5625	0.0	probe_shape	10	245475
204.9275	0.0	response_hit	11	245913
204.9275	0.0	response_r	14	245913
207.1125	0.0	encode_shape	6	248535
208.62916666666666	0.0	probe_shape	10	250355
208.96833333333333	0.0	response_hit	11	250762
208.96833333333333	0.0	response_r	14	250762
211.32916666666668	0.0	encode_shape	6	253595
212.84583333333333	0.0	probe_shape	10	255415
213.1875	0.0	response_hit	11	255825
213.1875	0.0	response_l	12	255825
215.34583333333333	0.0	encode_shape	6	258415
216.84583333333333	0.0	probe_shape	10	260215
217.19916666666666	0.0	response_hit	11	260639
217.19916666666666	0.0	response_r	14	260639
219.595	0.0	encode_shape	6	263514
221.09583333333333	0.0	probe_shape	10	265315
221.42083333333332	0.0	response_hit	11	265705
221.42083333333332	0.0	response_r	14	265705
223.66166666666666	0.0	encode_shape	6	268394
225.195	0.0	probe_shape	10	270234
225.48	0.0	response_hit	11	270576
225.48	0.0	response_l	12	270576
227.81166666666667	0.0	encode_shape	6	273374
229.345	0.0	probe_shape	10	275214
229.67333333333335	0.0	response_hit	11	275608
229.67333333333335	0.0	response_r	14	275608
231.87833333333333	0.0	encode_shape	6	278254
233.445	0.0	probe_shape	10	280134
233.77	0.0	response_hit	11	280524
233.77	0.0	response_l	12	280524
236.01083333333332	0.0	encode_shape	6	283213
237.5275	0.0	probe_shape	10	285033
237.86666666666667	0.0	response_hit	11	285440
237.86666666666667	0.0	response_l	12	285440
240.2275	0.0	encode_shape	6	288273
241.74416666666667	0.0	probe_shape	10	290093
242.095	0.0	response_hit	11	290514
242.095	0.0	response_r	14	290514
244.39416666666668	0.0	encode_shape	6	293273
245.9275	0.0	probe_shape	10	295113
246.2575	0.0	response_hit	11	295509
246.2575	0.0	response_r	14	295509
248.51083333333332	0.0	encode_happy	3	298213
248.51083333333332	0.0	encode_face	1	298213
248.51083333333332	0.0	encode_male	4	298213
250.0275	0.0	probe_face	7	300033
250.0275	0.0	probe_match_happy	8	300033
250.71583333333334	0.0	response_hit	11	300859
250.71583333333334	0.0	response_r	14	300859
252.59333333333333	0.0	encode_happy	3	303112
252.59333333333333	0.0	encode_face	1	303112
252.59333333333333	0.0	encode_female	2	303112
254.12666666666667	0.0	probe_face	7	304952
254.12666666666667	0.0	probe_match_happy	8	304952
254.52666666666667	0.0	response_hit	11	305432
254.52666666666667	0.0	response_l	12	305432
256.76	0.0	encode_happy	3	308112
256.76	0.0	encode_face	1	308112
256.76	0.0	encode_male	4	308112
258.27666666666664	0.0	probe_face	7	309932
258.27666666666664	0.0	probe_match_happy	8	309932
258.7183333333333	0.0	response_hit	11	310462
258.7183333333333	0.0	response_r	14	310462
260.9266666666667	0.0	encode_happy	3	313112
260.9266666666667	0.0	encode_face	1	313112
260.9266666666667	0.0	encode_female	2	313112
262.4266666666667	0.0	probe_face	7	314912
262.4266666666667	0.0	probe_match_happy	8	314912
262.8325	0.0	response_hit	11	315399
262.8325	0.0	response_r	14	315399
265.02666666666664	0.0	encode_face	1	318032
265.02666666666664	0.0	encode_sad	5	318032
265.02666666666664	0.0	encode_male	4	318032
266.52666666666664	0.0	probe_face	7	319832
266.52666666666664	0.0	probe_match_sad	9	319832
267.16833333333335	0.0	response_hit	11	320602
267.16833333333335	0.0	response_r	14	320602
269.0925	0.0	encode_happy	3	322911
269.0925	0.0	encode_face	1	322911
269.0925	0.0	encode_female	2	322911
270.62583333333333	0.0	probe_face	7	324751
270.62583333333333	0.0	probe_match_happy	8	324751
271.23083333333335	0.0	response_hit	11	325477
271.23083333333335	0.0	response_l	12	325477
273.30916666666667	0.0	encode_face	1	327971
273.30916666666667	0.0	encode_female	2	327971
273.30916666666667	0.0	encode_sad	5	327971
274.8425	0.0	probe_face	7	329811
274.8425	0.0	probe_match_sad	9	329811
275.405	0.0	response_hit	11	330486
275.405	0.0	response_r	14	330486
277.42583333333334	0.0	encode_happy	3	332911
277.42583333333334	0.0	encode_face	1	332911
277.42583333333334	0.0	encode_female	2	332911
278.92583333333334	0.0	probe_face	7	334711
278.92583333333334	0.0	probe_match_happy	8	334711
279.5258333333333	0.0	response_hit	11	335431
279.5258333333333	0.0	response_r	14	335431
281.4925	0.0	encode_face	1	337791
281.4925	0.0	encode_female	2	337791
281.4925	0.0	encode_sad	5	337791
283.0258333333333	0.0	probe_face	7	339631
283.0258333333333	0.0	probe_match_sad	9	339631
283.5391666666667	0.0	response_hit	11	340247
283.5391666666667	0.0	response_l	12	340247
285.65833333333336	0.0	encode_happy	3	342790
285.65833333333336	0.0	encode_face	1	342790
285.65833333333336	0.0	encode_male	4	342790
287.175	0.0	response_miss	13	344610
287.175	0.0	probe_face	7	344610
287.175	0.0	probe_match_happy	8	344610
288.0183333333333	0.0	response_l	12	345622
289.65833333333336	0.0	encode_face	1	347590
289.65833333333336	0.0	encode_sad	5	347590
289.65833333333336	0.0	encode_male	4	347590
291.19166666666666	0.0	probe_face	7	349430
291.19166666666666	0.0	probe_match_sad	9	349430
291.73	0.0	response_hit	11	350076
291.73	0.0	response_l	12	350076
293.7083333333333	0.0	encode_happy	3	352450
293.7083333333333	0.0	encode_face	1	352450
293.7083333333333	0.0	encode_female	2	352450
295.225	0.0	probe_face	7	354270
295.225	0.0	probe_match_happy	8	354270
295.7925	0.0	response_hit	11	354951
295.7925	0.0	response_r	14	354951
297.875	0.0	encode_happy	3	357450
297.875	0.0	encode_face	1	357450
297.875	0.0	encode_female	2	357450
299.39166666666665	0.0	probe_face	7	359270
299.39166666666665	0.0	probe_match_happy	8	359270
299.8958333333333	0.0	response_hit	11	359875
299.8958333333333	0.0	response_r	14	359875
301.94083333333333	0.0	encode_face	1	362329
301.94083333333333	0.0	encode_female	2	362329
301.94083333333333	0.0	encode_sad	5	362329
303.4575	0.0	probe_face	7	364149
303.4575	0.0	probe_match_sad	9	364149
303.92	0.0	response_hit	11	364704
303.92	0.0	response_l	12	364704
306.0075	0.0	encode_face	1	367209
306.0075	0.0	encode_sad	5	367209
306.0075	0.0	encode_male	4	367209
307.52416666666664	0.0	probe_face	7	369029
307.52416666666664	0.0	probe_match_sad	9	369029
307.9633333333333	0.0	response_hit	11	369556
307.9633333333333	0.0	response_l	12	369556
310.04083333333335	0.0	encode_face	1	372049
310.04083333333335	0.0	encode_sad	5	372049
310.04083333333335	0.0	encode_male	4	372049
311.57416666666666	0.0	probe_face	7	373889
311.57416666666666	0.0	probe_match_sad	9	373889
312.1675	0.0	response_hit	11	374601
312.1675	0.0	response_l	12	374601
314.2241666666667	0.0	encode_happy	3	377069
314.2241666666667	0.0	encode_face	1	377069
314.2241666666667	0.0	encode_female	2	377069
315.74083333333334	0.0	probe_face	7	378889
315.74083333333334	0.0	probe_match_happy	8	378889
316.2341666666667	0.0	response_hit	11	379481
316.2341666666667	0.0	response_r	14	379481
318.37333333333333	0.0	encode_happy	3	382048
318.37333333333333	0.0	encode_face	1	382048
318.37333333333333	0.0	encode_male	4	382048
319.89	0.0	probe_face	7	383868
319.89	0.0	probe_match_happy	8	383868
320.3675	0.0	response_hit	11	384441
320.3675	0.0	response_l	12	384441
322.5233333333333	0.0	encode_happy	3	387028
322.5233333333333	0.0	encode_face	1	387028
322.5233333333333	0.0	encode_female	2	387028
324.0566666666667	0.0	probe_face	7	388868
324.0566666666667	0.0	probe_match_happy	8	388868
324.5466666666667	0.0	response_hit	11	389456
324.5466666666667	0.0	response_l	12	389456
326.64	0.0	encode_face	1	391968
326.64	0.0	encode_female	2	391968
326.64	0.0	encode_sad	5	391968
328.17333333333335	0.0	probe_face	7	393808
328.17333333333335	0.0	probe_match_sad	9	393808
328.6433333333333	0.0	response_hit	11	394372
328.6433333333333	0.0	response_l	12	394372
330.8233333333333	0.0	encode_face	1	396988
330.8233333333333	0.0	encode_sad	5	396988
330.8233333333333	0.0	encode_male	4	396988
332.33916666666664	0.0	probe_face	7	398807
332.33916666666664	0.0	probe_match_sad	9	398807
333.02	0.0	response_hit	11	399624
333.02	0.0	response_r	14	399624
335.0391666666667	0.0	encode_face	1	402047
335.0391666666667	0.0	encode_female	2	402047
335.0391666666667	0.0	encode_sad	5	402047
336.55583333333334	0.0	response_miss	13	403867
336.55583333333334	0.0	probe_face	7	403867
336.55583333333334	0.0	probe_match_sad	9	403867
336.99	0.0	response_l	12	404388
339.1558333333333	0.0	encode_happy	3	406987
339.1558333333333	0.0	encode_face	1	406987
339.1558333333333	0.0	encode_male	4	406987
340.6558333333333	0.0	probe_face	7	408787
340.6558333333333	0.0	probe_match_happy	8	408787
341.2391666666667	0.0	response_hit	11	409487
341.2391666666667	0.0	response_r	14	409487
343.3725	0.0	encode_happy	3	412047
343.3725	0.0	encode_face	1	412047
343.3725	0.0	encode_female	2	412047
344.9058333333333	0.0	probe_face	7	413887
344.9058333333333	0.0	probe_match_happy	8	413887
345.5708333333333	0.0	response_hit	11	414685
345.5708333333333	0.0	response_l	12	414685
347.53833333333336	0.0	encode_face	1	417046
347.53833333333336	0.0	encode_sad	5	417046
347.53833333333336	0.0	encode_male	4	417046
349.07166666666666	0.0	probe_face	7	418886
349.07166666666666	0.0	probe_match_sad	9	418886
349.6025	0.0	response_hit	11	419523
349.6025	0.0	response_r	14	419523
351.7891666666667	0.0	encode_happy	3	422147
351.7891666666667	0.0	encode_face	1	422147
351.7891666666667	0.0	encode_female	2	422147
353.32166666666666	0.0	probe_face	7	423986
353.32166666666666	0.0	probe_match_happy	8	423986
353.8641666666667	0.0	response_hit	11	424637
353.8641666666667	0.0	response_l	12	424637
355.805	0.0	encode_happy	3	426966
355.805	0.0	encode_face	1	426966
355.805	0.0	encode_male	4	426966
357.3383333333333	0.0	probe_face	7	428806
357.3383333333333	0.0	probe_match_happy	8	428806
357.82666666666665	0.0	response_hit	11	429392
357.82666666666665	0.0	response_l	12	429392
359.805	0.0	encode_happy	3	431766
359.805	0.0	encode_face	1	431766
359.805	0.0	encode_female	2	431766
361.3383333333333	0.0	probe_face	7	433606
361.3383333333333	0.0	probe_match_happy	8	433606
361.84833333333336	0.0	response_hit	11	434218
361.84833333333336	0.0	response_l	12	434218
364.055	0.0	encode_happy	3	436866
364.055	0.0	encode_face	1	436866
364.055	0.0	encode_female	2	436866
365.62083333333334	0.0	probe_face	7	438745
365.62083333333334	0.0	probe_match_happy	8	438745
366.0808333333333	0.0	response_hit	11	439297
366.0808333333333	0.0	response_l	12	439297
368.0875	0.0	encode_happy	3	441705
368.0875	0.0	encode_face	1	441705
368.0875	0.0	encode_male	4	441705
369.6041666666667	0.0	probe_face	7	443525
369.6041666666667	0.0	probe_match_happy	8	443525
370.0991666666667	0.0	response_hit	11	444119
370.0991666666667	0.0	response_l	12	444119
372.3208333333333	0.0	encode_shape	6	446785
373.8375	0.0	probe_shape	10	448605
374.2025	0.0	response_hit	11	449043
374.2025	0.0	response_r	14	449043
376.50416666666666	0.0	encode_shape	6	451805
378.0375	0.0	probe_shape	10	453645
378.33416666666665	0.0	response_hit	11	454001
378.33416666666665	0.0	response_l	12	454001
380.7266666666667	0.0	encode_shape	6	456872
382.25333333333333	0.0	probe_shape	10	458704
382.58166666666665	0.0	response_hit	11	459098
382.58166666666665	0.0	response_l	12	459098
384.87	0.0	encode_shape	6	461844
386.4033333333333	0.0	probe_shape	10	463684
386.80833333333334	0.0	response_hit	11	464170
386.80833333333334	0.0	response_r	14	464170
388.9033333333333	0.0	encode_shape	6	466684
390.43666666666667	0.0	probe_shape	10	468524
390.77916666666664	0.0	response_hit	11	468935
390.77916666666664	0.0	response_l	12	468935
392.9033333333333	0.0	encode_shape	6	471484
394.4033333333333	0.0	probe_shape	10	473284
394.70166666666665	0.0	response_hit	11	473642
394.70166666666665	0.0	response_l	12	473642
397.01916666666665	0.0	encode_shape	6	476423
398.5525	0.0	probe_shape	10	478263
398.9141666666667	0.0	response_hit	11	478697
398.9141666666667	0.0	response_l	12	478697
401.03583333333336	0.0	encode_shape	6	481243
402.56916666666666	0.0	probe_shape	10	483083
402.9558333333333	0.0	response_hit	11	483547
402.9558333333333	0.0	response_r	14	483547
405.1025	0.0	encode_shape	6	486123
406.6191666666667	0.0	probe_shape	10	487943
407.0425	0.0	response_hit	11	488451
407.0425	0.0	response_r	14	488451
409.31916666666666	0.0	encode_shape	6	491183
410.8358333333333	0.0	probe_shape	10	493003
411.22	0.0	response_hit	11	493464
411.22	0.0	response_r	14	493464
413.5525	0.0	encode_shape	6	496263
415.0516666666667	0.0	probe_shape	10	498062
415.35083333333336	0.0	response_hit	11	498421
415.35083333333336	0.0	response_r	14	498421
417.61833333333334	0.0	encode_shape	6	501142
419.135	0.0	probe_shape	10	502962
419.45	0.0	response_hit	11	503340
419.45	0.0	response_l	12	503340
421.65166666666664	0.0	encode_shape	6	505982
423.15166666666664	0.0	probe_shape	10	507782
423.51	0.0	response_hit	11	508212
423.51	0.0	response_l	12	508212
425.75166666666667	0.0	encode_shape	6	510902
427.2683333333333	0.0	probe_shape	10	512722
427.6225	0.0	response_hit	11	513147
427.6225	0.0	response_l	12	513147
429.75083333333333	0.0	encode_shape	6	515701
431.25083333333333	0.0	probe_shape	10	517501
431.5975	0.0	response_hit	11	517917
431.5975	0.0	response_r	14	517917
433.9675	0.0	encode_face	1	520761
433.9675	0.0	encode_sad	5	520761
433.9675	0.0	encode_male	4	520761
435.5175	0.0	probe_face	7	522621
435.5175	0.0	probe_match_sad	9	522621
436.01166666666666	0.0	response_r	14	523214
436.37	0.0	response_hit	11	523644
436.37	0.0	response_l	12	523644
438.1675	0.0	encode_face	1	525801
438.1675	0.0	encode_sad	5	525801
438.1675	0.0	encode_male	4	525801
439.68416666666667	0.0	probe_face	7	527621
439.68416666666667	0.0	probe_match_sad	9	527621
440.08416666666665	0.0	response_hit	11	528101
440.08416666666665	0.0	response_l	12	528101
442.4008333333333	0.0	encode_happy	3	530881
442.4008333333333	0.0	encode_face	1	530881
442.4008333333333	0.0	encode_male	4	530881
443.9175	0.0	probe_face	7	532701
443.9175	0.0	probe_match_happy	8	532701
444.4091666666667	0.0	response_hit	11	533291
444.4091666666667	0.0	response_r	14	533291
446.43333333333334	0.0	encode_happy	3	535720
446.43333333333334	0.0	encode_face	1	535720
446.43333333333334	0.0	encode_female	2	535720
447.96666666666664	0.0	probe_face	7	537560
447.96666666666664	0.0	probe_match_happy	8	537560
448.4533333333333	0.0	response_hit	11	538144
448.4533333333333	0.0	response_r	14	538144
450.7	0.0	encode_face	1	540840
450.7	0.0	encode_female	2	540840
450.7	0.0	encode_sad	5	540840
452.21666666666664	0.0	probe_face	7	542660
452.21666666666664	0.0	probe_match_sad	9	542660
452.76166666666666	0.0	response_hit	11	543314
452.76166666666666	0.0	response_r	14	543314
454.81666666666666	0.0	encode_face	1	545780
454.81666666666666	0.0	encode_sad	5	545780
454.81666666666666	0.0	encode_male	4	545780
456.3333333333333	0.0	probe_face	7	547600
456.3333333333333	0.0	probe_match_sad	9	547600
456.96666666666664	0.0	response_hit	11	548360
456.96666666666664	0.0	response_r	14	548360
458.85	0.0	encode_face	1	550620
458.85	0.0	encode_female	2	550620
458.85	0.0	encode_sad	5	550620
460.3666666666667	0.0	probe_face	7	552440
460.3666666666667	0.0	probe_match_sad	9	552440
460.9741666666667	0.0	response_hit	11	553169
460.9741666666667	0.0	response_r	14	553169
463.0991666666667	0.0	encode_happy	3	555719
463.0991666666667	0.0	encode_face	1	555719
463.0991666666667	0.0	encode_male	4	555719
464.61583333333334	0.0	probe_face	7	557539
464.61583333333334	0.0	probe_match_happy	8	557539
465.12083333333334	0.0	response_hit	11	558145
465.12083333333334	0.0	response_r	14	558145
467.14916666666664	0.0	encode_happy	3	560579
467.14916666666664	0.0	encode_face	1	560579
467.14916666666664	0.0	encode_male	4	560579
468.6825	0.0	probe_face	7	562419
468.6825	0.0	probe_match_happy	8	562419
469.11083333333335	0.0	response_hit	11	562933
469.11083333333335	0.0	response_r	14	562933
471.3491666666667	0.0	encode_happy	3	565619
471.3491666666667	0.0	encode_face	1	565619
471.3491666666667	0.0	encode_male	4	565619
472.86583333333334	0.0	probe_face	7	567439
472.86583333333334	0.0	probe_match_happy	8	567439
473.73	0.0	response_hit	11	568476
473.73	0.0	response_l	12	568476
475.39916666666664	0.0	encode_happy	3	570479
475.39916666666664	0.0	encode_face	1	570479
475.39916666666664	0.0	encode_male	4	570479
476.91583333333335	0.0	probe_face	7	572299
476.91583333333335	0.0	probe_match_happy	8	572299
477.54333333333335	0.0	response_hit	11	573052
477.54333333333335	0.0	response_l	12	573052
479.4816666666667	0.0	encode_face	1	575378
479.4816666666667	0.0	encode_sad	5	575378
479.4816666666667	0.0	encode_male	4	575378
480.99833333333333	0.0	probe_face	7	577198
480.99833333333333	0.0	probe_match_sad	9	577198
481.55083333333334	0.0	response_hit	11	577861
481.55083333333334	0.0	response_l	12	577861
483.565	0.0	encode_face	1	580278
483.565	0.0	encode_sad	5	580278
483.565	0.0	encode_male	4	580278
485.09833333333336	0.0	probe_face	7	582118
485.09833333333336	0.0	probe_match_sad	9	582118
485.5775	0.0	response_hit	11	582693
485.5775	0.0	response_r	14	582693
487.6816666666667	0.0	encode_happy	3	585218
487.6816666666667	0.0	encode_face	1	585218
487.6816666666667	0.0	encode_male	4	585218
489.1816666666667	0.0	probe_face	7	587018
489.1816666666667	0.0	probe_match_happy	8	587018
490.1016666666667	0.0	response_hit	11	588122
490.1016666666667	0.0	response_l	12	588122
491.915	0.0	encode_happy	3	590298
491.915	0.0	encode_face	1	590298
491.915	0.0	encode_female	2	590298
493.4316666666667	0.0	probe_face	7	592118
493.4316666666667	0.0	probe_match_happy	8	592118
494.18333333333334	0.0	response_hit	11	593020
494.18333333333334	0.0	response_r	14	593020
496.0308333333333	0.0	encode_happy	3	595237
496.0308333333333	0.0	encode_face	1	595237
496.0308333333333	0.0	encode_male	4	595237
497.5475	0.0	probe_face	7	597057
497.5475	0.0	probe_match_happy	8	597057
498.0858333333333	0.0	response_hit	11	597703
498.0858333333333	0.0	response_l	12	597703
500.08916666666664	0.0	encode_happy	3	600107
500.08916666666664	0.0	encode_face	1	600107
500.08916666666664	0.0	encode_female	2	600107
501.5975	0.0	probe_face	7	601917
501.5975	0.0	probe_match_happy	8	601917
502.0491666666667	0.0	response_hit	11	602459
502.0491666666667	0.0	response_r	14	602459
504.1308333333333	0.0	encode_happy	3	604957
504.1308333333333	0.0	encode_face	1	604957
504.1308333333333	0.0	encode_female	2	604957
505.6308333333333	0.0	probe_face	7	606757
505.6308333333333	0.0	probe_match_happy	8	606757
506.19916666666666	0.0	response_hit	11	607439
506.19916666666666	0.0	response_r	14	607439
508.2475	0.0	encode_face	1	609897
508.2475	0.0	encode_sad	5	609897
508.2475	0.0	encode_male	4	609897
509.76416666666665	0.0	probe_face	7	611717
509.76416666666665	0.0	probe_match_sad	9	611717
510.2175	0.0	response_hit	11	612261
510.2175	0.0	response_l	12	612261
512.43	0.0	encode_happy	3	614916
512.43	0.0	encode_face	1	614916
512.43	0.0	encode_female	2	614916
513.9466666666667	0.0	probe_face	7	616736
513.9466666666667	0.0	probe_match_happy	8	616736
514.3816666666667	0.0	response_hit	11	617258
514.3816666666667	0.0	response_l	12	617258
516.4633333333334	0.0	encode_face	1	619756
516.4633333333334	0.0	encode_female	2	619756
516.4633333333334	0.0	encode_sad	5	619756
517.9966666666667	0.0	probe_face	7	621596
517.9966666666667	0.0	probe_match_sad	9	621596
518.8408333333333	0.0	response_hit	11	622609
518.8408333333333	0.0	response_r	14	622609
520.6633333333333	0.0	encode_face	1	624796
520.6633333333333	0.0	encode_female	2	624796
520.6633333333333	0.0	encode_sad	5	624796
522.1966666666667	0.0	probe_face	7	626636
522.1966666666667	0.0	probe_match_sad	9	626636
522.6408333333334	0.0	response_hit	11	627169
522.6408333333334	0.0	response_l	12	627169
524.8633333333333	0.0	encode_face	1	629836
524.8633333333333	0.0	encode_female	2	629836
524.8633333333333	0.0	encode_sad	5	629836
526.3966666666666	0.0	probe_face	7	631676
526.3966666666666	0.0	probe_match_sad	9	631676
526.8333333333334	0.0	response_hit	11	632200
526.8333333333334	0.0	response_r	14	632200
528.9125	0.0	encode_face	1	634695
528.9125	0.0	encode_female	2	634695
528.9125	0.0	encode_sad	5	634695
530.4458333333333	0.0	probe_face	7	636535
530.4458333333333	0.0	probe_match_sad	9	636535
531.0658333333333	0.0	response_hit	11	637279
531.0658333333333	0.0	response_l	12	637279
533.0125	0.0	encode_face	1	639615
533.0125	0.0	encode_sad	5	639615
533.0125	0.0	encode_male	4	639615
534.5458333333333	0.0	probe_face	7	641455
534.5458333333333	0.0	probe_match_sad	9	641455
535.0458333333333	0.0	response_hit	11	642055
535.0458333333333	0.0	response_l	12	642055
537.0625	0.0	encode_face	1	644475
537.0625	0.0	encode_female	2	644475
537.0625	0.0	encode_sad	5	644475
538.5958333333333	0.0	probe_face	7	646315
538.5958333333333	0.0	probe_match_sad	9	646315
539.0583333333333	0.0	response_hit	11	646870
539.0583333333333	0.0	response_l	12	646870
541.1291666666667	0.0	encode_happy	3	649355
541.1291666666667	0.0	encode_face	1	649355
541.1291666666667	0.0	encode_male	4	649355
542.6625	0.0	probe_face	7	651195
542.6625	0.0	probe_match_happy	8	651195
543.1158333333333	0.0	response_hit	11	651739
543.1158333333333	0.0	response_r	14	651739
545.3283333333334	0.0	encode_happy	3	654394
545.3283333333334	0.0	encode_face	1	654394
545.3283333333334	0.0	encode_male	4	654394
546.845	0.0	probe_face	7	656214
546.845	0.0	probe_match_happy	8	656214
547.34	0.0	response_hit	11	656808
547.34	0.0	response_l	12	656808
549.445	0.0	encode_face	1	659334
549.445	0.0	encode_female	2	659334
549.445	0.0	encode_sad	5	659334
550.9616666666667	0.0	probe_face	7	661154
550.9616666666667	0.0	probe_match_sad	9	661154
551.4158333333334	0.0	response_hit	11	661699
551.4158333333334	0.0	response_l	12	661699
553.495	0.0	encode_happy	3	664194
553.495	0.0	encode_face	1	664194
553.495	0.0	encode_male	4	664194
555.0116666666667	0.0	probe_face	7	666014
555.0116666666667	0.0	probe_match_happy	8	666014
555.765	0.0	response_hit	11	666918
555.765	0.0	response_l	12	666918
557.6283333333333	0.0	encode_shape	6	669154
559.1441666666667	0.0	probe_shape	10	670973
559.5358333333334	0.0	response_hit	11	671443
559.5358333333334	0.0	response_l	12	671443
561.7275	0.0	encode_shape	6	674073
563.2441666666666	0.0	probe_shape	10	675893
563.6183333333333	0.0	response_hit	11	676342
563.6183333333333	0.0	response_l	12	676342
565.7775	0.0	encode_shape	6	678933
567.3108333333333	0.0	probe_shape	10	680773
567.6708333333333	0.0	response_hit	11	681205
567.6708333333333	0.0	response_r	14	681205
569.9275	0.0	encode_shape	6	683913
571.4608333333333	0.0	probe_shape	10	685753
571.9291666666667	0.0	response_r	14	686315
572.3658333333333	0.0	response_hit	11	686839
572.3658333333333	0.0	response_l	12	686839
574.0266666666666	0.0	encode_shape	6	688832
575.56	0.0	probe_shape	10	690672
575.9625	0.0	response_hit	11	691155
575.9625	0.0	response_l	12	691155
578.26	0.0	encode_shape	6	693912
579.76	0.0	probe_shape	10	695712
580.1991666666667	0.0	response_hit	11	696239
580.1991666666667	0.0	response_l	12	696239
582.3266666666667	0.0	encode_shape	6	698792
583.8433333333334	0.0	probe_shape	10	700612
584.215	0.0	response_hit	11	701058
584.215	0.0	response_l	12	701058
586.4433333333334	0.0	encode_shape	6	703732
587.96	0.0	probe_shape	10	705552
588.3658333333333	0.0	response_hit	11	706039
588.3658333333333	0.0	response_l	12	706039
590.56	0.0	encode_shape	6	708672
592.0758333333333	0.0	probe_shape	10	710491
592.4091666666667	0.0	response_hit	11	710891
592.4091666666667	0.0	response_l	12	710891
594.7591666666667	0.0	encode_shape	6	713711
596.2925	0.0	probe_shape	10	715551
596.7541666666667	0.0	response_hit	11	716105
596.7541666666667	0.0	response_r	14	716105
598.9591666666666	0.0	encode_shape	6	718751
600.4758333333333	0.0	probe_shape	10	720571
600.8325	0.0	response_hit	11	720999
600.8325	0.0	response_r	14	720999
603.0425	0.0	encode_shape	6	723651
604.5758333333333	0.0	probe_shape	10	725491
605.03	0.0	response_hit	11	726036
605.03	0.0	response_l	12	726036
607.2925	0.0	encode_shape	6	728751
608.825	0.0	probe_shape	10	730590
609.2225	0.0	response_hit	11	731067
609.2225	0.0	response_r	14	731067
611.325	0.0	encode_shape	6	733590
612.8416666666667	0.0	probe_shape	10	735410
613.2183333333334	0.0	response_hit	11	735862
613.2183333333334	0.0	response_l	12	735862
615.475	0.0	encode_shape	6	738570
617.0083333333333	0.0	probe_shape	10	740410
617.3583333333333	0.0	response_hit	11	740830
617.3583333333333	0.0	response_r	14	740830
